        x         S(x)  Step counter  : 
        -1    -0.652934        17
      -0.9     -0.23705        17
      -0.8    -0.126225         7
      -0.7   -0.0751168         6
      -0.6   -0.0433879         5
      -0.5   -0.0235259         4
      -0.4   -0.0114347         3
      -0.3  -0.00468225         3
      -0.2  -0.00135733         3
      -0.1 -0.000166667         2
         0            0         1
       0.1  0.000166667         2
       0.2   0.00135733         3
       0.3   0.00468225         3
       0.4    0.0114347         3
       0.5    0.0235259         4
       0.6    0.0433879         5
       0.7    0.0751168         6
       0.8     0.126225         7
       0.9      0.23705        17
         1     0.652934        17
        x         Y(x)  Step counter  : 
        -1    -0.570796         0
      -0.9     -0.21977         0
      -0.8    -0.127295         0
      -0.7   -0.0753975         0
      -0.6   -0.0435011         0
      -0.5   -0.0235988         0
      -0.4   -0.0115168         0
      -0.3  -0.00469265         0
      -0.2  -0.00135792         0
      -0.1 -0.000167421         0
         0            0         0
       0.1  0.000167421         0
       0.2   0.00135792         0
       0.3   0.00469265         0
       0.4    0.0115168         0
       0.5    0.0235988         0
       0.6    0.0435011         0
       0.7    0.0753975         0
       0.8     0.127295         0
       0.9      0.21977         0
         1     0.570796         0
