        x    FirstFunction(x) Number of Iterations : 
      -0.8    -0.211933        11
      -0.7    -0.128287         8
      -0.6   -0.0763635         6
      -0.5   -0.0428292         5
      -0.4   -0.0215712         4
      -0.3   -0.0090314         4
      -0.2   -0.0026685         3
      -0.1 -0.000333348         3
         0            0         1
       0.1  0.000333348         3
       0.2    0.0026685         3
       0.3    0.0090314         4
       0.4    0.0215712         4
       0.5    0.0428292         5

        x   SecondFunction(x) Number of Iterations
      -0.5       1.0926         0
      -0.4     0.845586         0
      -0.3     0.618672         0
      -0.2      0.40542         0
      -0.1     0.200669         0
         0            0         0
       0.1    -0.200669         0
       0.2     -0.40542         0
       0.3    -0.618672         0
       0.4    -0.845586         0
       0.5      -1.0926         0
