        x  Первая функция Число итераций 
       0.1  -0.00166583         3
       0.2  -0.00665335         4
       0.3   -0.0149326         4
       0.4   -0.0264541         4
       0.5   -0.0411489         4
       0.6   -0.0589293         4
       0.7    -0.079689         5
       0.8    -0.103305         5
       0.9    -0.129637         5
        x  Вторая функция Число итераций 
       0.1     0.998334         0
       0.2     0.993347         0
       0.3     0.985067         0
       0.4     0.973546         0
       0.5     0.958851         0
       0.6     0.941071         0
       0.7     0.920311         0
       0.8     0.896695         0
       0.9     0.870363         0
